P : 0.07086
I : 0.1511
D : 0.008236
N : 728.7


