P : 0.9111
I : 2.566
D : 0.04788
N : 37.22

Response Time : 0.5637 sn

P : 2.77663608424679
I : 7.27439657403002
D : 0.135764025239539
N : 954.960101482779

Response Time : 0.2393 sn




